test results
--------
69120
 0.138E+00 0.137E+00 0.137E+00 0.137E+00 0.136E+00 0.135E+00 0.133E+00 0.132E+00
 0.131E+00 0.129E+00 0.128E+00 0.127E+00 0.127E+00 0.126E+00 0.126E+00 0.127E+00
 0.127E+00 0.128E+00 0.129E+00 0.130E+00 0.131E+00 0.131E+00 0.132E+00 0.132E+00
 0.132E+00 0.133E+00 0.134E+00 0.136E+00 0.139E+00 0.142E+00 0.144E+00 0.147E+00
 0.150E+00 0.154E+00 0.158E+00 0.162E+00 0.166E+00 0.171E+00 0.175E+00 0.179E+00
 0.565E-01 0.565E-01 0.564E-01 0.563E-01 0.563E-01 0.564E-01 0.564E-01 0.563E-01
 0.562E-01 0.561E-01 0.559E-01 0.559E-01 0.559E-01 0.560E-01 0.560E-01 0.559E-01
 0.560E-01 0.562E-01 0.561E-01 0.562E-01 0.562E-01 0.562E-01 0.562E-01 0.562E-01
 0.563E-01 0.563E-01 0.563E-01 0.564E-01 0.565E-01 0.566E-01 0.566E-01 0.566E-01
 0.567E-01 0.568E-01 0.567E-01 0.566E-01 0.566E-01 0.566E-01 0.565E-01 0.564E-01
 0.000E+00 0.000E+00 0.000E+00 0.000E+00 0.000E+00 0.000E+00 0.000E+00 0.000E+00
 0.000E+00 0.000E+00 0.000E+00 0.000E+00 0.000E+00 0.000E+00 0.000E+00 0.000E+00
 0.000E+00 0.000E+00 0.000E+00 0.000E+00 0.000E+00 0.000E+00 0.000E+00 0.000E+00
 0.000E+00 0.000E+00 0.000E+00 0.000E+00 0.000E+00 0.000E+00 0.000E+00 0.000E+00
 0.000E+00 0.000E+00 0.000E+00 0.000E+00 0.000E+00 0.000E+00 0.000E+00 0.000E+00
--------
179712
 0.887E+03 0.887E+03 0.887E+03 0.887E+03 0.887E+03 0.887E+03 0.886E+03 0.886E+03
 0.886E+03 0.885E+03 0.885E+03 0.885E+03 0.884E+03 0.884E+03 0.884E+03 0.883E+03
 0.883E+03 0.882E+03 0.882E+03 0.881E+03 0.881E+03 0.880E+03 0.879E+03 0.879E+03
 0.878E+03 0.878E+03 0.877E+03 0.877E+03 0.876E+03 0.876E+03 0.875E+03 0.875E+03
 0.875E+03 0.874E+03 0.874E+03 0.874E+03 0.873E+03 0.873E+03 0.873E+03 0.873E+03
-0.594E-02-0.560E-02-0.531E-02-0.505E-02-0.484E-02-0.468E-02-0.456E-02-0.448E-02
-0.446E-02-0.447E-02-0.452E-02-0.460E-02-0.470E-02-0.483E-02-0.496E-02-0.509E-02
-0.522E-02-0.534E-02-0.544E-02-0.551E-02-0.555E-02-0.555E-02-0.551E-02-0.544E-02
-0.532E-02-0.516E-02-0.497E-02-0.475E-02-0.449E-02-0.422E-02-0.393E-02-0.363E-02
-0.333E-02-0.303E-02-0.275E-02-0.248E-02-0.224E-02-0.203E-02-0.186E-02-0.172E-02
 0.242E+00 0.241E+00 0.241E+00 0.241E+00 0.241E+00 0.241E+00 0.241E+00 0.240E+00
 0.240E+00 0.240E+00 0.240E+00 0.240E+00 0.240E+00 0.240E+00 0.240E+00 0.240E+00
 0.240E+00 0.240E+00 0.240E+00 0.240E+00 0.240E+00 0.240E+00 0.240E+00 0.240E+00
 0.240E+00 0.240E+00 0.240E+00 0.240E+00 0.240E+00 0.240E+00 0.240E+00 0.241E+00
 0.241E+00 0.241E+00 0.241E+00 0.241E+00 0.241E+00 0.242E+00 0.242E+00 0.242E+00
--------
82944
 0.588E+04 0.593E+04 0.597E+04 0.602E+04 0.607E+04 0.611E+04 0.616E+04 0.621E+04
 0.625E+04 0.630E+04 0.635E+04 0.639E+04 0.644E+04 0.648E+04 0.653E+04 0.657E+04
 0.662E+04 0.667E+04 0.671E+04 0.676E+04 0.681E+04 0.686E+04 0.691E+04 0.696E+04
 0.701E+04 0.707E+04 0.712E+04 0.718E+04 0.725E+04 0.731E+04 0.738E+04 0.744E+04
 0.751E+04 0.758E+04 0.765E+04 0.772E+04 0.779E+04 0.785E+04 0.792E+04 0.798E+04
 0.143E+03 0.143E+03 0.142E+03 0.141E+03 0.139E+03 0.136E+03 0.133E+03 0.129E+03
 0.125E+03 0.121E+03 0.116E+03 0.112E+03 0.107E+03 0.103E+03 0.985E+02 0.942E+02
 0.900E+02 0.861E+02 0.824E+02 0.789E+02 0.758E+02 0.729E+02 0.704E+02 0.683E+02
 0.665E+02 0.651E+02 0.640E+02 0.634E+02 0.632E+02 0.635E+02 0.642E+02 0.654E+02
 0.670E+02 0.692E+02 0.718E+02 0.748E+02 0.783E+02 0.822E+02 0.865E+02 0.911E+02
 0.575E+01 0.547E+01 0.519E+01 0.492E+01 0.467E+01 0.442E+01 0.420E+01 0.399E+01
 0.381E+01 0.364E+01 0.350E+01 0.338E+01 0.328E+01 0.320E+01 0.314E+01 0.310E+01
 0.307E+01 0.306E+01 0.305E+01 0.305E+01 0.306E+01 0.307E+01 0.308E+01 0.309E+01
 0.310E+01 0.311E+01 0.312E+01 0.312E+01 0.311E+01 0.309E+01 0.307E+01 0.303E+01
 0.299E+01 0.293E+01 0.286E+01 0.279E+01 0.270E+01 0.260E+01 0.250E+01 0.239E+01
--------
              temp =  225.97  219.75  230.90  252.54  267.09  278.30  284.80  289.29
 inside TMOUT
  write model output
  reset to zero
 end of TMOUT
 Day           90
 mean ocean T    18.331092283552778        30.882967298406832        9001.8010410968636     
 Write restart dataset for year/month:         2000           4
