test results
--------
69120
 0.993E-03 0.278E-02 0.531E-02 0.881E-02 0.147E-01 0.216E-01 0.302E-01 0.406E-01
 0.517E-01 0.627E-01 0.747E-01 0.873E-01 0.101E+00 0.115E+00 0.129E+00 0.142E+00
 0.157E+00 0.172E+00 0.188E+00 0.205E+00 0.224E+00 0.245E+00 0.268E+00 0.293E+00
 0.319E+00 0.348E+00 0.381E+00 0.417E+00 0.455E+00 0.495E+00 0.535E+00 0.574E+00
 0.612E+00 0.649E+00 0.684E+00 0.717E+00 0.745E+00 0.769E+00 0.787E+00 0.799E+00
 0.000E+00 0.000E+00 0.000E+00 0.000E+00 0.000E+00 0.000E+00 0.000E+00 0.000E+00
 0.000E+00 0.000E+00 0.000E+00 0.000E+00 0.000E+00 0.000E+00 0.000E+00 0.000E+00
 0.000E+00 0.000E+00 0.000E+00 0.000E+00 0.000E+00 0.000E+00 0.000E+00 0.000E+00
 0.000E+00 0.000E+00 0.000E+00 0.000E+00 0.000E+00 0.000E+00 0.000E+00 0.000E+00
 0.000E+00 0.000E+00 0.000E+00 0.000E+00 0.000E+00 0.000E+00 0.000E+00 0.000E+00
 0.000E+00 0.000E+00 0.000E+00 0.000E+00 0.000E+00 0.000E+00 0.000E+00 0.000E+00
 0.000E+00 0.000E+00 0.000E+00 0.000E+00 0.000E+00 0.000E+00 0.000E+00 0.000E+00
 0.000E+00 0.000E+00 0.000E+00 0.000E+00 0.000E+00 0.000E+00 0.000E+00 0.000E+00
 0.000E+00 0.000E+00 0.000E+00 0.000E+00 0.000E+00 0.000E+00 0.000E+00 0.000E+00
 0.000E+00 0.000E+00 0.000E+00 0.000E+00 0.000E+00 0.000E+00 0.000E+00 0.000E+00
--------
179712
 0.879E+03 0.881E+03 0.883E+03 0.885E+03 0.887E+03 0.890E+03 0.892E+03 0.895E+03
 0.897E+03 0.900E+03 0.902E+03 0.905E+03 0.907E+03 0.910E+03 0.912E+03 0.914E+03
 0.916E+03 0.918E+03 0.919E+03 0.921E+03 0.921E+03 0.922E+03 0.922E+03 0.922E+03
 0.921E+03 0.920E+03 0.918E+03 0.916E+03 0.914E+03 0.911E+03 0.908E+03 0.904E+03
 0.901E+03 0.897E+03 0.893E+03 0.888E+03 0.884E+03 0.880E+03 0.876E+03 0.872E+03
-0.963E-02-0.920E-02-0.877E-02-0.834E-02-0.793E-02-0.752E-02-0.712E-02-0.674E-02
-0.638E-02-0.604E-02-0.572E-02-0.543E-02-0.518E-02-0.495E-02-0.477E-02-0.461E-02
-0.449E-02-0.441E-02-0.437E-02-0.436E-02-0.438E-02-0.444E-02-0.452E-02-0.464E-02
-0.479E-02-0.497E-02-0.517E-02-0.540E-02-0.564E-02-0.590E-02-0.617E-02-0.644E-02
-0.671E-02-0.697E-02-0.722E-02-0.744E-02-0.762E-02-0.777E-02-0.787E-02-0.793E-02
 0.249E+03 0.249E+03 0.249E+03 0.249E+03 0.249E+03 0.250E+03 0.250E+03 0.250E+03
 0.250E+03 0.250E+03 0.250E+03 0.250E+03 0.250E+03 0.250E+03 0.250E+03 0.250E+03
 0.250E+03 0.250E+03 0.250E+03 0.250E+03 0.250E+03 0.250E+03 0.250E+03 0.250E+03
 0.250E+03 0.250E+03 0.249E+03 0.249E+03 0.249E+03 0.249E+03 0.249E+03 0.249E+03
 0.249E+03 0.249E+03 0.249E+03 0.249E+03 0.249E+03 0.249E+03 0.250E+03 0.250E+03
--------
82944
 0.912E+03 0.899E+03 0.886E+03 0.873E+03 0.862E+03 0.851E+03 0.841E+03 0.832E+03
 0.825E+03 0.819E+03 0.813E+03 0.809E+03 0.806E+03 0.804E+03 0.803E+03 0.802E+03
 0.801E+03 0.801E+03 0.801E+03 0.801E+03 0.801E+03 0.802E+03 0.802E+03 0.802E+03
 0.803E+03 0.803E+03 0.804E+03 0.806E+03 0.808E+03 0.811E+03 0.815E+03 0.820E+03
 0.827E+03 0.835E+03 0.845E+03 0.857E+03 0.870E+03 0.885E+03 0.902E+03 0.921E+03
 0.387E+02 0.378E+02 0.368E+02 0.356E+02 0.343E+02 0.329E+02 0.313E+02 0.296E+02
 0.278E+02 0.259E+02 0.239E+02 0.220E+02 0.201E+02 0.182E+02 0.165E+02 0.150E+02
 0.137E+02 0.127E+02 0.120E+02 0.116E+02 0.117E+02 0.121E+02 0.130E+02 0.142E+02
 0.158E+02 0.178E+02 0.200E+02 0.225E+02 0.252E+02 0.280E+02 0.308E+02 0.336E+02
 0.363E+02 0.388E+02 0.411E+02 0.430E+02 0.447E+02 0.460E+02 0.470E+02 0.476E+02
 0.615E+01 0.641E+01 0.665E+01 0.687E+01 0.707E+01 0.725E+01 0.740E+01 0.752E+01
 0.761E+01 0.766E+01 0.769E+01 0.768E+01 0.763E+01 0.754E+01 0.741E+01 0.724E+01
 0.703E+01 0.679E+01 0.650E+01 0.618E+01 0.582E+01 0.542E+01 0.500E+01 0.455E+01
 0.407E+01 0.357E+01 0.305E+01 0.251E+01 0.196E+01 0.139E+01 0.823E+00 0.247E+00
-0.332E+00-0.910E+00-0.148E+01-0.205E+01-0.261E+01-0.316E+01-0.369E+01-0.421E+01
--------
              temp =  192.77  206.76  221.35  241.79  258.73  271.69  279.56  284.85
 inside TMOUT
  write model output
  reset to zero
 end of TMOUT
  field:            1    no. of faulty points:           0
  undefined values set to   0.0000000000000000     
 Write restart dataset for year/month:         1979           4
